0.594345918447 0.199425000000 0.041318261719 0.000560276360 0.125427283926 9.640090141217 11.386964453466
0.551410041427 0.144717968750 0.029129980469 0.000749750066 0.028468550354 11.314856569234 10.442385771945
0.319246879264 0.245607812500 0.034040332031 0.000445158907 0.171605361131 10.679519904365 10.231566761867
0.555890776961 0.229066406250 0.022589648437 0.000317408680 0.133299674448 13.038957486243 10.458813227276
0.154706783223 0.252220312500 0.019889648438 0.000261486225 0.202801320478 13.986167601106 10.113836665329
0.596144461767 0.130992187500 0.015129980469 0.000444181890 0.287145776730 15.738583037840 10.642253145137
0.289310726314 0.247668652344 0.025772753906 0.000214269920 0.268983272340 12.362265759463 11.293875539925
0.368607818622 0.159188281250 0.017328613281 0.000471353302 0.125151952603 14.703948334567 10.064554299337
0.345986767643 0.155829980469 0.019379296875 0.000531457044 0.190242554911 13.914955326789 10.215139306535
0.726292415440 0.108143652344 0.024268945313 0.000558017232 0.293365382222 12.442050290358 12.389039228645
