1.957916812382 0.185629687500 0.040907910156 0.000634218626 0.115646154054 9.657059330415 11.386964453466
2.202125705492 0.161684375000 0.030174121094 0.000711627940 0.009641613521 11.149565714492 10.442385771945
0.487527252914 0.245607812500 0.033862402344 0.000442832050 0.171605361132 10.707540864098 10.231566761867
2.204924764544 0.228798828125 0.022562402344 0.000318112767 0.133522164529 13.046055926992 10.458813227276
0.081727942120 0.240480859375 0.019723437500 0.000301086825 0.201531752741 14.008479731906 10.113836665329
3.758799514530 0.191515625000 0.016279296875 0.000348942362 0.284115507251 15.320453329743 10.642253145137
0.615441506023 0.248249316406 0.025750683594 0.000204411053 0.254723282425 12.355897683506 11.293875539925
0.405611659255 0.167561035156 0.017491015625 0.000456233356 0.123740673701 14.651047522549 10.064554299337
0.960627213774 0.211066796875 0.020223437500 0.000388943801 0.179128137506 13.753336465327 10.215139306535
5.045513127066 0.133999121094 0.024653417969 0.000499454265 0.285791660154 12.386921414466 12.389039228645
