2.713085611913 0.176952343750 0.041219628906 0.000728821323 0.203027694701 9.614871412453 11.425295182571
0.931861401181 0.203000000000 0.030196191406 0.000606152639 0.127014156636 11.215446088238 10.185022305096
0.454367754790 0.238748437500 0.033435156250 0.000495155100 0.197128475877 10.760517906441 10.215139306536
1.504839145067 0.276916894531 0.023377929688 0.000121076182 0.121304762719 12.966359457036 10.464289045720
0.226867833304 0.289300000000 0.020461035156 0.000137036078 0.235710238224 13.908579451215 10.091933391555
3.421725516154 0.242577050781 0.016706542969 0.000240554889 0.307754566675 15.274989618442 10.502619774825
1.090251486394 0.286578125000 0.027284667969 0.000004901236 0.289991000041 12.163849729805 11.597783463545
0.496760508746 0.257850000000 0.018933789063 0.000236114708 0.237588055814 14.341167505381 10.149429485213
0.582863302363 0.241957421875 0.020106542969 0.000363578882 0.277090179696 13.858203232536 9.883852290698
6.285037015569 0.165899511719 0.025524804687 0.000414779398 0.296062627877 12.256195507753 12.493079779073
