0.559194138082 0.244305175781 0.043161035156 0.000307687287 0.203922240355 9.547058393470 11.425295182571
0.356452200949 0.146593750000 0.028848242187 0.000795165174 0.087188065940 11.373487122342 10.185022305096
0.336811920012 0.252043750000 0.033913085937 0.000414124938 0.183679455350 10.714644502665 10.215139306536
0.481038861795 0.220435937500 0.022662402344 0.000354751225 0.148761772044 12.994904388876 10.464289045720
0.244751814003 0.259447265625 0.020050683594 0.000252528161 0.239246289222 13.936448554717 10.091933391555
0.546929307069 0.164734277344 0.015667578125 0.000417563067 0.308759740923 15.532585537581 10.502619774825
0.460537842441 0.248436035156 0.026496191406 0.000173997777 0.259259196472 12.213845202236 11.597783463545
0.272140831022 0.250714062500 0.018811718750 0.000249500673 0.207708694211 14.379917096197 10.149429485213
0.316603617662 0.233639550781 0.019945507812 0.000380936449 0.253997376675 13.901667877652 9.883852290698
0.803896756315 0.115155859375 0.024246875000 0.000522179896 0.273607622910 12.465754251015 12.493079779073
